 [ Distance Distribution Report for GSH ]
  Overall Score : 0.37 ± 0.05

   Max Score : 0.99

 Score guide:
   0.0-0.3 : good
   0.3-0.5 : ok
   0.5-1.0 : bad

   Score Matrix:
 0 - identical, 1 - no overlap

       CAC1  AMC1  AMD1  SUL1  AMD2  CAC2
 CAC1  0.00  0.23  0.17  0.17  0.15  0.27
 AMC1  0.23  0.00  0.99  0.15  0.22  0.26
 AMD1  0.17  0.99  0.00  0.43  0.16  0.48
 SUL1  0.17  0.15  0.43  0.00  0.84  0.24
 AMD2  0.15  0.22  0.16  0.84  0.00  0.79
 CAC2  0.27  0.26  0.48  0.24  0.79  0.00
